00040735 666917
00048407 666917
00048982 666917
00049167 666917
00049395 666917
00057279 666917
00059287 666917
00062478 666917
00082887 666917
00083651 666917
00088934 666917
00092114 666917
00097914 666917
00098435 666917
00099078 666917
00100809 666917
00100908 666917
00103034 666917
00103365 666917
00111688 666917
00113069 666917
00118562 666917
00121205 666917
00121397 666917
00122869 666917
00123048 666917
00126033 666917
00129227 666917
00134271 666917
00139640 666917
00142521 666917
00145014 666917
00145375 666917
00150305 666917
00155358 666917
00155992 666917
00157967 666917
00162763 666917
00164057 666917
00164268 666917
00167991 666917
00170824 666917
00171975 666917
00172506 666917
00174958 666917
00181939 666917
00183694 666917
00185101 666917
00191562 666917
00195282 666917
00197565 666917
00197693 666917
00207171 666917
00211728 666917
00211744 666917
00215448 666917
00220820 666917
00222329 666917
00222339 666917
00223658 666917
00227826 666917
00229296 666917
00229366 666917
00230655 666917
00234322 666917
00235486 666917
00237209 666917
00239580 666917
00240971 666917
00241271 666917
00243539 666917
00247093 666917
00250423 666917
00255962 666917
00258350 666917
00264408 666917
00271015 666917
00275405 666917
00276252 666917
00276548 666917
00279624 666917
00280346 666917
00280365 666917
00282592 666917
00290802 666917
00290818 666917
00292389 666917
00296544 666917
00298640 666917
00300651 666917
00301697 666917
00304062 666917
00307250 666917
00307483 666917
00308563 666917
00308871 666917
00311141 666917
00311296 666917
00314682 666917
00315427 666917
00315497 666917
00315558 666917
00316266 666917
00317048 666917
00320278 666917
00324226 666917
00324711 666917
00325751 666917
00330208 666917
00330583 666917
00332309 666917
00335343 666917
00338865 666917
00340215 666917
00340223 666917
00347079 666917
00351989 666917
00352345 666917
00358931 666917
00359063 666917
00359633 666917
00360249 666917
00360258 666917
00360263 666917
00360282 666917
00360286 666917
00360292 666917
00361171 666917
00368029 666917
00373201 666917
00374270 666917
00374314 666917
00374326 666917
00375068 666917
00376436 666917
00387639 666917
00388949 666917
00391375 666917
00396469 666917
00401370 666917
00401903 666917
00402367 666917
00403185 666917
00403829 666917
00408004 666917
00408313 666917
00410379 666917
00414086 666917
00421684 666917
00422008 666917
00423805 666917
00427574 666917
00428720 666917
00430875 666917
00431010 666917
00431728 666917
00433059 666917
00433168 666917
00438342 666917
00440846 666917
00449838 666917
00453801 666917
00458119 666917
00458148 666917
00460638 666917
00460644 666917
00460648 666917
00460654 666917
00460657 666917
00460659 666917
00460664 666917
00466798 666917
00471326 666917
00471601 666917
00474375 666917
00474419 666917
00475315 666917
00479381 666917
00479392 666917
00479440 666917
00483881 666917
00484934 666917
00486921 666917
00488310 666917
00489849 666917
00490127 666917
00490780 666917
00495872 666917
00496258 666917
00500711 666917
00501279 666917
00502267 666917
00504220 666917
00506243 666917
00510372 666917
00510466 666917
00511747 666917
00511778 666917
00513962 666917
00518021 666917
00519212 666917
00521016 666917
00521058 666917
00521809 666917
00524674 666917
00525737 666917
00528457 666917
00533028 666917
00536311 666917
00536827 666917
00540255 666917
00540347 666917
00540405 666917
00541937 666917
00542334 666917
00546662 666917
00546764 666917
00548148 666917
00549126 666917
00549179 666917
00549190 666917
00549471 666917
00551556 666917
00555576 666917
00560190 666917
00561968 666917
00564421 666917
00566298 666917
00566705 666917
00566724 666917
00566894 666917
00568089 666917
00571474 666917
00571756 666917
00571926 666917
00577991 666917
00588844 666917
00591891 666917
00593172 666917
00597327 666917
00603417 666917
00606032 666917
00608435 666917
00609037 666917
00609816 666917
00610439 666917
00611446 666917
00614260 666917
00619447 666917
00624725 666917
00626921 666917
00634423 666917
00634772 666917
00636132 666917
00646485 666917
00646665 666917
00647787 666917
00649938 666917
00650073 666917
00651998 666917
00660476 666917
00660486 666917
00662991 666917
00663162 666917
00664926 666917
00665019 666917
00667127 666917
00668896 666917
00669154 666917
00669167 666917
00675267 666917
00676418 666917
00677003 666917
00683316 666917
00689323 666917
00695260 666917
00695683 666917
00700544 666917
00703421 666917
00704312 666917
00713174 666917
00714576 666917
00718085 666917
00720594 666917
00742699 666917
00744645 666917
00745153 666917
00745206 666917
00749655 666917
00753461 666917
00758196 666917
00758211 666917
00762214 666917
00762667 666917
00764054 666917
00767308 666917
00770550 666917
00771558 666917
00773267 666917
00776977 666917
00778100 666917
00780143 666917
00783819 666917
00784193 666917
00788339 666917
00789458 666917
00789522 666917
00789972 666917
00790228 666917
00790282 666917
00790895 666917
00790927 666917
00791061 666917
00793236 666917
00802531 666917
00811862 666917
00814886 666917
00818573 666917
00820724 666917
00822830 666917
00823570 666917
00823662 666917
00823711 666917
00831248 666917
00842075 666917
00842675 666917
00842714 666917
00844756 666917
00845721 666917
00850100 666917
00855500 666917
00857271 666917
00858836 666917
00860051 666917
00863938 666917
00868342 666917
00873157 666917
00874519 666917
00874681 666917
00874721 666917
00878025 666917
00880748 666917
00885304 666917
00887740 666917
00888158 666917
00893551 666917
00897826 666917
00906048 666917
00907189 666917
00907407 666917
00913877 666917
00914191 666917
00918715 666917
00923305 666917
00923549 666917
00925406 666917
00928389 666917
00930507 666917
00930610 666917
00932153 666917
00932795 666917
00933511 666917
00933832 666917
00935911 666917
00940744 666917
00948797 666917
00949345 666917
00949662 666917
00952919 666917
00955853 666917
00959696 666917
00964327 666917
00965781 666917
00976639 666917
00976853 666917
00976951 666917
00977081 666917
00981021 666917
00985973 666917
00986365 666917
00996547 666917
01012045 666917
01013273 666917
01013407 666917
01013607 666917
01021207 666917
01023175 666917
01023587 666917
01027955 666917
01032565 666917
01032767 666917
01033201 666917
01036409 666917
01037599 666917
01040821 666917
01042049 666917
01046021 666917
01052787 666917
01056027 666917
01056111 666917
01057527 666917
01057767 666917
01057867 666917
01058269 666917
01058891 666917
01059141 666917
01060741 666917
01063435 666917
01067107 666917
01067589 666917
01072293 666917
01074359 666917
01079145 666917
01079153 666917
01079251 666917
01080191 666917
01084157 666917
01084847 666917
01085457 666917
01091577 666917
01099533 666917
01101269 666917
01104207 666917
01105989 666917
01106233 666917
01106315 666917
01106403 666917
01108027 666917
01108681 666917
01109049 666917
01110205 666917
01112647 666917
01113035 666917
01114343 666917
01114467 666917
01114495 666917
01114741 666917
01122011 666917
01129881 666917
01135415 666917
01136605 666917
01137331 666917
01138997 666917
01139339 666917
01147987 666917
01150353 666917
01152583 666917
01156231 666917
01161327 666917
01172353 666917
01172707 666917
01173497 666917
01174797 666917
01177325 666917
01177357 666917
01177387 666917
01182557 666917
01182969 666917
01194423 666917
01196623 666917
01197447 666917
01197557 666917
01199347 666917
01209551 666917
01211427 666917
01216675 666917
01217125 666917
01218895 666917
01224725 666917
01228891 666917
01236575 666917
01238733 666917
01239633 666917
01239645 666917
01239963 666917
01243175 666917
01243983 666917
01247301 666917
01248249 666917
01249137 666917
01249245 666917
01249797 666917
01251075 666917
01251157 666917
01251555 666917
01251669 666917
01253205 666917
01254165 666917
01256347 666917
01257049 666917
01257169 666917
01258521 666917
01259037 666917
01259087 666917
01259107 666917
01259637 666917
01261353 666917
01262153 666917
01262535 666917
01263941 666917
01263977 666917
01264261 666917
01264355 666917
01264811 666917
01265625 666917
01273259 666917
01274211 666917
01274485 666917
01274519 666917
01274539 666917
01276809 666917
01278741 666917
01278863 666917
01281733 666917
01284107 666917
01284347 666917
01285609 666917
01285757 666917
01290257 666917
01302437 666917
01305849 666917
01306049 666917
01307477 666917
01316541 666917
01317727 666917
01318985 666917
01321793 666917
01326381 666917
01331837 666917
01332033 666917
01332681 666917
01334971 666917
01335909 666917
01339213 666917
01339499 666917
01340599 666917
01340677 666917
01340729 666917
01340781 666917
01340797 666917
01342039 666917
01346519 666917
01347793 666917
01351331 666917
01356155 666917
01358165 666917
01360679 666917
01362743 666917
01366393 666917
01368045 666917
01372389 666917
01384073 666917
01384657 666917
01385165 666917
01387161 666917
01393641 666917
01393809 666917
01393933 666917
01394171 666917
01394397 666917
01413905 666917
01417007 666917
01418059 666917
01419089 666917
01438587 666917
01440299 666917
01442523 666917
01452477 666917
01460173 666917
01461859 666917
01464209 666917
01464549 666917
01469051 666917
01480455 666917
01480719 666917
01482859 666917
01489645 666917
01489915 666917
01489967 666917
01490491 666917
01491631 666917
01504001 666917
01504799 666917
01512539 666917
01518771 666917
01522749 666917
01526117 666917
01526645 666917
01528461 666917
01530095 666917
01534405 666917
01534687 666917
01535443 666917
01540485 666917
01542017 666917
01544639 666917
01546145 666917
01560589 666917
01567311 666917
01568779 666917
01568797 666917
01569051 666917
01569365 666917
01569575 666917
01569905 666917
01570593 666917
01571633 666917
01572985 666917
01573929 666917
01575433 666917
01576509 666917
01576563 666917
01576723 666917
01577639 666917
01577815 666917
01577935 666917
01578335 666917
01579101 666917
01579295 666917
01588017 666917
01588323 666917
01589743 666917
01590293 666917
01590381 666917
01590987 666917
01591503 666917
01591989 666917
01592225 666917
01592301 666917
01592379 666917
01593353 666917
01593401 666917
01593507 666917
01593541 666917
01593573 666917
01593599 666917
01594677 666917
01595539 666917
01596247 666917
01596429 666917
01599189 666917
01600649 666917
01600999 666917
01602593 666917
01604669 666917
01605103 666917
01605749 666917
01606233 666917
01608001 666917
01609519 666917
01612323 666917
01612427 666917
01613589 666917
01613763 666917
01615515 666917
01621491 666917
01622497 666917
01627229 666917
01627235 666917
01630023 666917
01630955 666917
01631927 666917
01632535 666917
01637237 666917
01638393 666917
01643254 666917
01646926 666917
01648496 666917
01649522 666917
01651124 666917
01652442 666917
01653934 666917
01654028 666917
01656786 666917
01657922 666917
01659226 666917
01662220 666917
01663690 666917
01670234 666917
01671238 666917
01671258 666917
01678478 666917
01680238 666917
01686020 666917
01686286 666917
01687336 666917
01687638 666917
01688536 666917
01688634 666917
01689668 666917
01690914 666917
01691154 666917
01691226 666917
01691262 666917
01691610 666917
01691934 666917
01691992 666917
01692108 666917
01692232 666917
01692384 666917
01692430 666917
01695006 666917
01696298 666917
01698174 666917
01698214 666917
01698446 666917
01701550 666917
01701766 666917
01702039 666917
01703595 666917
01704143 666917
01705973 666917
01706019 666917
01706455 666917
01706489 666917
01706539 666917
01707005 666917
01707347 666917
01708615 666917
01710371 666917
01710477 666917
01710509 666917
01711283 666917
01711783 666917
01712687 666917
01714145 666917
01714207 666917
01715237 666917
01715929 666917
01716211 666917
01716621 666917
01716735 666917
01717005 666917
01717075 666917
01718063 666917
01718863 666917
01720193 666917
01722435 666917
01724817 666917
01725275 666917
01725641 666917
01726153 666917
01726255 666917
01726801 666917
01726919 666917
01727661 666917
01727763 666917
01728211 666917
01728911 666917
01729211 666917
01729217 666917
01730083 666917
01730187 666917
01730477 666917
01730543 666917
01730589 666917
01730837 666917
01731581 666917
01731763 666917
01731959 666917
01732701 666917
01732855 666917
01733773 666917
01733847 666917
01733943 666917
01734165 666917
01734685 666917
01737235 666917
01738389 666917
01738867 666917
01739792 666917
01740110 666917
01740510 666917
01741274 666917
01743158 666917
01746298 666917
01746394 666917
01746906 666917
01747098 666917
01748056 666917
01748686 666917
01749290 666917
01750278 666917
01751600 666917
01753982 666917
01754584 666917
01756634 666917
01756664 666917
01758482 666917
01758534 666917
01764508 666917
01766518 666917
01766766 666917
01768602 666917
01769926 666917
01770946 666917
01773524 666917
01776930 666917
01777720 666917
01781446 666917
01781656 666917
01781754 666917
01783402 666917
01784160 666917
01784608 666917
01786232 666917
01786694 666917
01786968 666917
01787672 666917
01788404 666917
01788888 666917
01789638 666917
01789844 666917
01791636 666917
01791836 666917
01791868 666917
01792034 666917
01794454 666917
01795962 666917
01796130 666917
01796418 666917
01797058 666917
01797806 666917
01804751 666917
01805981 666917
01806291 666917
01810501 666917
01810901 666917
01813543 666917
01819359 666917
01822247 666917
01823165 666917
01829401 666917
01830497 666917
01831541 666917
01833709 666917
01838013 666917
01838241 666917
01839189 666917
01841207 666917
01842997 666917
01848201 666917
01850199 666917
01850311 666917
01850465 666917
01851485 666917
01852091 666917
01852297 666917
01853239 666917
01853417 666917
01854171 666917
01856521 666917
01859853 666917
01859993 666917
01861413 666917
01863601 666917
01869597 666917
01875041 666917
01876017 666917
01878463 666917
01878777 666917
01878935 666917
01881299 666917
01881991 666917
01882761 666917
01882937 666917
01883057 666917
01892167 666917
01892241 666917
01892827 666917
01901513 666917
01902959 666917
01903005 666917
01903045 666917
01903125 666917
01903321 666917
01903709 666917
01903933 666917
01906237 666917
01912005 666917
01912615 666917
01912751 666917
01912821 666917
01912855 666917
01912973 666917
01913123 666917
01913127 666917
01913791 666917
01914885 666917
01916241 666917
01916445 666917
01917891 666917
01919101 666917
01919423 666917
01921319 666917
01921849 666917
01922917 666917
01923827 666917
01925181 666917
01925245 666917
01926689 666917
01928605 666917
01929161 666917
01930231 666917
01931151 666917
01932677 666917
01933063 666917
01938289 666917
01938445 666917
01938993 666917
01939251 666917
01940617 666917
01940765 666917
01940779 666917
01941281 666917
01942349 666917
01945357 666917
01945655 666917
01946031 666917
01946589 666917
01946917 666917
01946937 666917
01947169 666917
01947541 666917
01949097 666917
01949167 666917
01952115 666917
01952365 666917
01952451 666917
01953557 666917
01954261 666917
01954501 666917
01956273 666917
01956559 666917
01957035 666917
01964759 666917
01965013 666917
01965531 666917
01965883 666917
01966619 666917
01967765 666917
01970773 666917
01973621 666917
01982761 666917
01983585 666917
01986835 666917
01986895 666917
01987973 666917
01988875 666917
01992317 666917
01993581 666917
01993903 666917
02006411 666917
02006503 666917
02006585 666917
02007039 666917
02008243 666917
02008529 666917
02008687 666917
02008841 666917
02009167 666917
02013355 666917
02013709 666917
02014165 666917
02015663 666917
02015951 666917
02019781 666917
02019859 666917
02025743 666917
02029859 666917
02034269 666917
02036945 666917
02037507 666917
02037555 666917
02038905 666917
02043179 666917
02043997 666917
02045251 666917
02046205 666917
02047007 666917
02047273 666917
02048061 666917
02051420 666917
02052310 666917
02052764 666917
02055134 666917
02056480 666917
02056536 666917
02056764 666917
02056796 666917
02061588 666917
02061770 666917
02063522 666917
02067432 666917
02071914 666917
02071952 666917
02078658 666917
02078992 666917
02080060 666917
02080126 666917
02080742 666917
02090204 666917
02094734 666917
02095758 666917
02101600 666917
00054398 3628520
00054423 3628520
00054503 3628520
00062856 3628520
00099085 3628520
00099088 3628520
00101369 3628520
00134894 3628520
00142521 3628520
00146267 3628520
00150689 3628520
00163157 3628520
00165749 3628520
00168213 3628520
00168825 3628520
00171955 3628520
00172506 3628520
00183694 3628520
00186168 3628520
00190690 3628520
00209970 3628520
00303772 3628520
00348151 3628520
00353799 3628520
00377239 3628520
00383377 3628520
00391491 3628520
00392974 3628520
00409589 3628520
00416021 3628520
00428437 3628520
00447389 3628520
00448992 3628520
00448997 3628520
00459341 3628520
00468781 3628520
00480197 3628520
00488937 3628520
00498955 3628520
00521809 3628520
00526195 3628520
00540347 3628520
00545303 3628520
00579092 3628520
00583548 3628520
00604844 3628520
00686889 3628520
00700195 3628520
00707375 3628520
00715525 3628520
00720594 3628520
00727343 3628520
00755735 3628520
00757769 3628520
00766504 3628520
00771915 3628520
00784193 3628520
00785957 3628520
00788339 3628520
00795629 3628520
00816057 3628520
00822830 3628520
00822926 3628520
00823119 3628520
00827488 3628520
00838617 3628520
00840031 3628520
00843962 3628520
00856020 3628520
00872302 3628520
00880748 3628520
00887427 3628520
00907407 3628520
00921534 3628520
00923185 3628520
00923305 3628520
00923549 3628520
00932153 3628520
00945221 3628520
00949662 3628520
00951295 3628520
00961066 3628520
00976639 3628520
00995271 3628520
00996301 3628520
00996547 3628520
01000237 3628520
01000247 3628520
01004767 3628520
01056111 3628520
01061415 3628520
01074359 3628520
01084157 3628520
01105321 3628520
01106403 3628520
01109049 3628520
01112691 3628520
01123081 3628520
01128633 3628520
01131553 3628520
01144475 3628520
01152157 3628520
01152865 3628520
01170101 3628520
01172707 3628520
01181797 3628520
01187857 3628520
01194455 3628520
01211427 3628520
01224725 3628520
01230723 3628520
01233015 3628520
01235817 3628520
01239645 3628520
01239963 3628520
01240543 3628520
01242523 3628520
01258265 3628520
01269709 3628520
01273211 3628520
01273483 3628520
01285609 3628520
01287619 3628520
01289701 3628520
01309161 3628520
01316541 3628520
01317399 3628520
01324245 3628520
01328001 3628520
01332953 3628520
01335521 3628520
01340797 3628520
01341507 3628520
01345121 3628520
01351049 3628520
01358361 3628520
01366709 3628520
01372211 3628520
01384771 3628520
01385687 3628520
01390183 3628520
01413905 3628520
01417007 3628520
01418059 3628520
01442571 3628520
01461859 3628520
01463723 3628520
01464209 3628520
01464549 3628520
01464771 3628520
01469051 3628520
01476537 3628520
01477637 3628520
01482337 3628520
01486807 3628520
01489915 3628520
01491631 3628520
01501895 3628520
01512539 3628520
01513281 3628520
01518771 3628520
01521547 3628520
01522749 3628520
01525435 3628520
01525509 3628520
01526645 3628520
01528389 3628520
01528461 3628520
01534393 3628520
01543969 3628520
01546145 3628520
01553557 3628520
01560589 3628520
01560975 3628520
01563689 3628520
01567311 3628520
01568779 3628520
01569051 3628520
01569643 3628520
01569797 3628520
01569905 3628520
01570593 3628520
01571773 3628520
01575585 3628520
01576563 3628520
01577417 3628520
01577639 3628520
01578335 3628520
01579101 3628520
01580185 3628520
01580219 3628520
01585141 3628520
01587481 3628520
01588323 3628520
01589375 3628520
01590293 3628520
01590381 3628520
01590493 3628520
01590987 3628520
01591503 3628520
01591989 3628520
01593541 3628520
01593599 3628520
01596247 3628520
01598445 3628520
01599355 3628520
01599375 3628520
01608001 3628520
01608709 3628520
01609205 3628520
01609519 3628520
01610769 3628520
01612323 3628520
01612427 3628520
01614029 3628520
01614363 3628520
01615515 3628520
01621491 3628520
01622497 3628520
01623231 3628520
01627153 3628520
01627229 3628520
01630955 3628520
01632769 3628520
01635073 3628520
01638393 3628520
01640412 3628520
01646926 3628520
01649522 3628520
01651138 3628520
01652442 3628520
01653928 3628520
01653934 3628520
01654028 3628520
01656786 3628520
01662410 3628520
01666318 3628520
01669222 3628520
01671238 3628520
01676826 3628520
01678386 3628520
01686286 3628520
01691610 3628520
01692384 3628520
01692430 3628520
01693254 3628520
01697700 3628520
01701550 3628520
01701766 3628520
01703595 3628520
01706019 3628520
01706455 3628520
01707005 3628520
01711283 3628520
01714025 3628520
01714145 3628520
01714207 3628520
01716009 3628520
01718167 3628520
01721625 3628520
01724221 3628520
01725275 3628520
01726153 3628520
01726801 3628520
01726827 3628520
01727661 3628520
01727763 3628520
01727883 3628520
01728211 3628520
01730643 3628520
01730837 3628520
01733401 3628520
01734165 3628520
01735233 3628520
01735781 3628520
01739792 3628520
01740510 3628520
01740788 3628520
01741274 3628520
01742514 3628520
01742584 3628520
01742808 3628520
01742898 3628520
01743158 3628520
01747010 3628520
01747098 3628520
01748686 3628520
01752848 3628520
01754584 3628520
01756664 3628520
01758482 3628520
01758862 3628520
01760466 3628520
01763064 3628520
01764508 3628520
01766518 3628520
01766622 3628520
01766766 3628520
01767416 3628520
01768602 3628520
01769166 3628520
01769926 3628520
01770408 3628520
01770684 3628520
01773196 3628520
01774072 3628520
01774360 3628520
01781286 3628520
01781754 3628520
01784160 3628520
01786232 3628520
01786286 3628520
01786694 3628520
01786766 3628520
01786968 3628520
01788888 3628520
01789638 3628520
01791636 3628520
01793592 3628520
01794454 3628520
01796418 3628520
01797058 3628520
01797806 3628520
01798108 3628520
01799978 3628520
01804681 3628520
01805981 3628520
01806291 3628520
01808429 3628520
01810501 3628520
01810901 3628520
01812939 3628520
01813025 3628520
01818509 3628520
01819199 3628520
01819359 3628520
01820899 3628520
01822247 3628520
01827547 3628520
01829401 3628520
01831541 3628520
01834417 3628520
01837253 3628520
01838013 3628520
01838241 3628520
01838297 3628520
01839611 3628520
01842297 3628520
01843517 3628520
01847459 3628520
01848147 3628520
01849047 3628520
01850199 3628520
01850311 3628520
01851485 3628520
01853417 3628520
01855059 3628520
01856521 3628520
01857523 3628520
01858625 3628520
01859175 3628520
01859673 3628520
01859853 3628520
01860125 3628520
01860157 3628520
01861413 3628520
01861703 3628520
01864551 3628520
01865419 3628520
01869597 3628520
01873913 3628520
01876017 3628520
01877565 3628520
01878463 3628520
01878935 3628520
01879637 3628520
01879945 3628520
01881299 3628520
01884333 3628520
01884385 3628520
01892167 3628520
01892241 3628520
01894633 3628520
01901513 3628520
01902095 3628520
01902521 3628520
01902959 3628520
01903005 3628520
01903045 3628520
01903125 3628520
01903709 3628520
01903933 3628520
01904201 3628520
01906237 3628520
01906341 3628520
01912751 3628520
01912855 3628520
01913127 3628520
01913791 3628520
01914885 3628520
01916241 3628520
01919101 3628520
01920333 3628520
01921319 3628520
01921849 3628520
01922827 3628520
01925181 3628520
01926689 3628520
01926733 3628520
01929161 3628520
01930231 3628520
01930455 3628520
01930899 3628520
01932677 3628520
01934509 3628520
01937485 3628520
01938993 3628520
01939069 3628520
01939251 3628520
01939289 3628520
01942229 3628520
01942349 3628520
01945655 3628520
01947541 3628520
01949097 3628520
01949167 3628520
01952115 3628520
01952365 3628520
01954261 3628520
01954501 3628520
01957035 3628520
01958765 3628520
01965013 3628520
01965531 3628520
01965883 3628520
01967765 3628520
01970371 3628520
01970773 3628520
01971365 3628520
01973923 3628520
01975347 3628520
01982761 3628520
01983585 3628520
01986835 3628520
01989135 3628520
01992317 3628520
01993903 3628520
01993967 3628520
02000653 3628520
02004701 3628520
02004913 3628520
02006411 3628520
02007739 3628520
02008243 3628520
02008687 3628520
02009167 3628520
02010385 3628520
02010999 3628520
02013355 3628520
02015663 3628520
02015951 3628520
02018551 3628520
02019807 3628520
02019859 3628520
02020069 3628520
02020519 3628520
02023483 3628520
02025743 3628520
02026305 3628520
02027811 3628520
02032827 3628520
02035685 3628520
02036089 3628520
02036305 3628520
02036945 3628520
02037507 3628520
02038637 3628520
02038905 3628520
02038945 3628520
02041837 3628520
02043855 3628520
02043997 3628520
02045251 3628520
02046205 3628520
02047007 3628520
02047273 3628520
02048061 3628520
02050177 3628520
02051420 3628520
02052310 3628520
02052540 3628520
02052764 3628520
02053364 3628520
02055134 3628520
02056536 3628520
02056742 3628520
02060314 3628520
02061358 3628520
02078454 3628520
02078644 3628520
02078914 3628520
02079108 3628520
02079150 3628520
02082856 3628520
02090736 3628520
02111302 3628520
00055382 2492899
00064019 2492899
00065273 2492899
00120773 2492899
00124866 2492899
00131967 2492899
00134120 2492899
00137323 2492899
00140890 2492899
00142521 2492899
00146131 2492899
00148254 2492899
00148715 2492899
00153358 2492899
00154945 2492899
00164377 2492899
00171955 2492899
00172506 2492899
00172926 2492899
00174283 2492899
00174958 2492899
00179210 2492899
00183345 2492899
00183353 2492899
00183355 2492899
00186168 2492899
00222597 2492899
00240926 2492899
00244172 2492899
00247021 2492899
00247632 2492899
00257582 2492899
00270048 2492899
00271573 2492899
00288065 2492899
00290486 2492899
00295110 2492899
00306180 2492899
00307458 2492899
00326546 2492899
00332433 2492899
00338767 2492899
00343068 2492899
00344384 2492899
00353799 2492899
00371639 2492899
00372833 2492899
00373757 2492899
00374368 2492899
00374402 2492899
00374443 2492899
00374693 2492899
00374766 2492899
00376813 2492899
00378677 2492899
00378837 2492899
00379246 2492899
00381682 2492899
00382560 2492899
00383665 2492899
00384426 2492899
00384565 2492899
00387095 2492899
00390351 2492899
00390443 2492899
00390501 2492899
00391491 2492899
00391658 2492899
00392217 2492899
00397111 2492899
00397423 2492899
00399205 2492899
00400224 2492899
00403369 2492899
00403455 2492899
00403511 2492899
00404023 2492899
00404446 2492899
00404540 2492899
00405809 2492899
00407168 2492899
00407560 2492899
00407718 2492899
00407959 2492899
00409304 2492899
00409589 2492899
00409636 2492899
00409841 2492899
00411190 2492899
00412832 2492899
00413168 2492899
00413643 2492899
00416021 2492899
00417449 2492899
00417470 2492899
00419498 2492899
00421497 2492899
00422187 2492899
00424401 2492899
00425846 2492899
00425942 2492899
00426394 2492899
00426400 2492899
00427105 2492899
00427570 2492899
00427608 2492899
00427771 2492899
00428437 2492899
00429548 2492899
00430763 2492899
00431259 2492899
00432644 2492899
00433073 2492899
00433228 2492899
00433255 2492899
00434294 2492899
00434800 2492899
00435267 2492899
00436172 2492899
00436233 2492899
00437107 2492899
00440037 2492899
00440185 2492899
00440291 2492899
00440820 2492899
00441383 2492899
00441578 2492899
00441903 2492899
00442786 2492899
00444163 2492899
00445042 2492899
00445857 2492899
00446295 2492899
00446588 2492899
00446824 2492899
00446959 2492899
00447149 2492899
00447319 2492899
00447389 2492899
00447602 2492899
00447626 2492899
00448737 2492899
00448754 2492899
00448942 2492899
00449051 2492899
00449504 2492899
00450714 2492899
00450938 2492899
00451444 2492899
00451484 2492899
00452099 2492899
00452144 2492899
00452922 2492899
00453567 2492899
00454909 2492899
00455182 2492899
00455778 2492899
00456348 2492899
00456516 2492899
00456707 2492899
00457895 2492899
00459017 2492899
00461340 2492899
00463562 2492899
00464726 2492899
00465157 2492899
00465321 2492899
00465531 2492899
00465587 2492899
00465610 2492899
00465806 2492899
00466032 2492899
00466780 2492899
00469701 2492899
00478273 2492899
00481160 2492899
00488961 2492899
00489889 2492899
00494365 2492899
00498955 2492899
00499481 2492899
00501279 2492899
00507114 2492899
00512488 2492899
00512832 2492899
00519356 2492899
00520810 2492899
00521809 2492899
00526195 2492899
00527508 2492899
00527523 2492899
00533879 2492899
00534411 2492899
00538347 2492899
00539184 2492899
00540347 2492899
00542154 2492899
00543300 2492899
00543552 2492899
00543831 2492899
00544025 2492899
00544381 2492899
00545303 2492899
00545601 2492899
00546177 2492899
00546662 2492899
00546665 2492899
00546926 2492899
00547693 2492899
00548156 2492899
00548365 2492899
00548416 2492899
00548572 2492899
00548639 2492899
00549625 2492899
00549874 2492899
00551886 2492899
00552146 2492899
00552670 2492899
00552782 2492899
00554552 2492899
00555613 2492899
00555631 2492899
00555652 2492899
00556298 2492899
00557197 2492899
00557383 2492899
00558621 2492899
00560060 2492899
00560159 2492899
00560230 2492899
00561507 2492899
00562023 2492899
00562244 2492899
00562913 2492899
00564018 2492899
00564332 2492899
00564407 2492899
00564422 2492899
00564945 2492899
00566003 2492899
00566971 2492899
00567390 2492899
00568533 2492899
00568921 2492899
00569197 2492899
00569780 2492899
00570588 2492899
00571033 2492899
00572312 2492899
00573171 2492899
00573344 2492899
00573591 2492899
00573684 2492899
00573714 2492899
00573903 2492899
00574277 2492899
00576196 2492899
00577513 2492899
00580115 2492899
00582240 2492899
00583548 2492899
00585913 2492899
00604844 2492899
00626647 2492899
00643612 2492899
00645615 2492899
00653818 2492899
00660486 2492899
00673240 2492899
00707375 2492899
00720594 2492899
00726759 2492899
00727343 2492899
00745078 2492899
00757769 2492899
00758569 2492899
00761334 2492899
00766504 2492899
00769885 2492899
00770566 2492899
00771915 2492899
00782514 2492899
00782547 2492899
00783302 2492899
00784193 2492899
00787035 2492899
00788339 2492899
00791382 2492899
00795888 2492899
00811212 2492899
00816057 2492899
00822926 2492899
00823119 2492899
00827241 2492899
00827488 2492899
00828829 2492899
00838617 2492899
00840031 2492899
00843962 2492899
00858836 2492899
00867253 2492899
00872302 2492899
00880748 2492899
00882787 2492899
00887427 2492899
00888824 2492899
00897674 2492899
00907407 2492899
00913712 2492899
00913877 2492899
00918715 2492899
00921534 2492899
00923185 2492899
00923305 2492899
00923549 2492899
00928231 2492899
00930510 2492899
00931984 2492899
00932153 2492899
00932795 2492899
00933483 2492899
00943507 2492899
00947264 2492899
00947585 2492899
00948858 2492899
00949662 2492899
00959093 2492899
00960217 2492899
00961066 2492899
00963621 2492899
00964327 2492899
00976639 2492899
00989375 2492899
00995271 2492899
00996547 2492899
01000247 2492899
01001915 2492899
01002271 2492899
01004767 2492899
01014255 2492899
01022869 2492899
01030589 2492899
01044681 2492899
01049499 2492899
01056111 2492899
01057281 2492899
01065665 2492899
01067817 2492899
01074359 2492899
01080905 2492899
01084157 2492899
01089093 2492899
01093725 2492899
01094891 2492899
01097531 2492899
01101269 2492899
01103283 2492899
01105321 2492899
01106403 2492899
01110841 2492899
01123081 2492899
01128633 2492899
01133915 2492899
01148395 2492899
01152149 2492899
01152157 2492899
01170101 2492899
01172707 2492899
01187857 2492899
01192429 2492899
01192497 2492899
01194455 2492899
01197557 2492899
01209457 2492899
01211427 2492899
01211947 2492899
01214241 2492899
01223637 2492899
01224725 2492899
01230649 2492899
01230723 2492899
01235973 2492899
01239603 2492899
01239963 2492899
01242523 2492899
01260089 2492899
01263941 2492899
01273211 2492899
01273483 2492899
01277055 2492899
01277123 2492899
01285609 2492899
01287619 2492899
01287799 2492899
01311199 2492899
01316541 2492899
01317399 2492899
01325101 2492899
01328001 2492899
01332953 2492899
01335521 2492899
01340797 2492899
01342733 2492899
01344373 2492899
01347957 2492899
01366709 2492899
01368045 2492899
01371963 2492899
01378223 2492899
01378433 2492899
01378443 2492899
01380725 2492899
01382345 2492899
01383343 2492899
01385687 2492899
01390183 2492899
01390651 2492899
01396807 2492899
01411609 2492899
01413905 2492899
01415595 2492899
01417007 2492899
01418059 2492899
01422123 2492899
01422205 2492899
01423963 2492899
01426037 2492899
01428099 2492899
01433057 2492899
01435475 2492899
01436101 2492899
01438355 2492899
01439687 2492899
01440363 2492899
01442571 2492899
01443235 2492899
01445823 2492899
01446959 2492899
01447995 2492899
01448985 2492899
01451523 2492899
01454313 2492899
01456231 2492899
01461859 2492899
01463591 2492899
01463723 2492899
01464209 2492899
01464549 2492899
01464647 2492899
01464771 2492899
01467997 2492899
01469051 2492899
01469519 2492899
01470483 2492899
01471201 2492899
01472529 2492899
01473631 2492899
01475281 2492899
01475673 2492899
01475681 2492899
01477171 2492899
01477361 2492899
01477637 2492899
01478237 2492899
01479307 2492899
01480365 2492899
01480543 2492899
01480719 2492899
01482337 2492899
01482715 2492899
01482787 2492899
01482803 2492899
01482825 2492899
01483039 2492899
01485335 2492899
01486807 2492899
01489689 2492899
01489915 2492899
01491007 2492899
01491631 2492899
01491887 2492899
01492113 2492899
01492279 2492899
01492953 2492899
01493117 2492899
01494161 2492899
01498845 2492899
01499519 2492899
01499743 2492899
01500231 2492899
01500235 2492899
01501895 2492899
01504511 2492899
01506571 2492899
01508817 2492899
01510925 2492899
01513179 2492899
01513231 2492899
01513281 2492899
01513521 2492899
01517283 2492899
01518771 2492899
01518965 2492899
01518991 2492899
01519553 2492899
01519853 2492899
01519883 2492899
01519915 2492899
01521547 2492899
01521795 2492899
01522183 2492899
01522417 2492899
01522749 2492899
01523191 2492899
01523347 2492899
01525509 2492899
01526063 2492899
01526087 2492899
01528461 2492899
01530743 2492899
01531857 2492899
01532145 2492899
01532587 2492899
01533727 2492899
01536247 2492899
01540421 2492899
01542017 2492899
01542317 2492899
01543247 2492899
01543969 2492899
01546145 2492899
01552997 2492899
01553557 2492899
01555443 2492899
01555535 2492899
01558493 2492899
01559661 2492899
01560589 2492899
01560975 2492899
01563689 2492899
01566835 2492899
01568199 2492899
01568779 2492899
01569051 2492899
01569797 2492899
01569905 2492899
01570593 2492899
01571773 2492899
01573723 2492899
01575433 2492899
01575585 2492899
01575889 2492899
01576083 2492899
01576509 2492899
01576563 2492899
01576815 2492899
01577417 2492899
01577639 2492899
01579101 2492899
01580185 2492899
01585133 2492899
01585141 2492899
01585451 2492899
01585589 2492899
01587481 2492899
01587849 2492899
01589003 2492899
01589375 2492899
01589743 2492899
01590293 2492899
01590381 2492899
01590987 2492899
01591503 2492899
01591529 2492899
01591937 2492899
01591989 2492899
01592375 2492899
01593541 2492899
01593599 2492899
01594381 2492899
01594803 2492899
01596247 2492899
01596657 2492899
01597241 2492899
01597629 2492899
01598445 2492899
01599375 2492899
01600423 2492899
01600455 2492899
01600915 2492899
01602179 2492899
01602523 2492899
01604283 2492899
01607411 2492899
01608001 2492899
01608709 2492899
01609205 2492899
01609243 2492899
01609519 2492899
01612427 2492899
01614029 2492899
01615515 2492899
01617331 2492899
01617987 2492899
01621351 2492899
01621359 2492899
01621491 2492899
01622497 2492899
01623231 2492899
01627153 2492899
01627229 2492899
01630067 2492899
01630955 2492899
01632769 2492899
01632871 2492899
01635073 2492899
01635103 2492899
01636759 2492899
01636781 2492899
01638393 2492899
01641236 2492899
01643254 2492899
01646878 2492899
01646926 2492899
01650176 2492899
01651138 2492899
01652442 2492899
01652604 2492899
01652964 2492899
01653928 2492899
01653934 2492899
01654028 2492899
01655718 2492899
01656384 2492899
01656786 2492899
01657758 2492899
01658452 2492899
01658622 2492899
01661440 2492899
01662410 2492899
01662574 2492899
01663298 2492899
01665462 2492899
01666318 2492899
01666396 2492899
01668098 2492899
01669222 2492899
01669390 2492899
01670234 2492899
01671238 2492899
01674958 2492899
01675230 2492899
01676346 2492899
01676706 2492899
01676826 2492899
01676884 2492899
01676892 2492899
01678386 2492899
01678478 2492899
01684266 2492899
01684686 2492899
01686222 2492899
01686286 2492899
01686364 2492899
01686688 2492899
01687638 2492899
01689894 2492899
01690026 2492899
01691540 2492899
01691610 2492899
01692384 2492899
01692430 2492899
01693254 2492899
01693294 2492899
01695934 2492899
01696358 2492899
01698174 2492899
01698840 2492899
01699024 2492899
01703595 2492899
01703939 2492899
01704249 2492899
01704451 2492899
01706019 2492899
01706027 2492899
01706455 2492899
01707005 2492899
01707579 2492899
01708023 2492899
01710509 2492899
01711149 2492899
01711283 2492899
01711495 2492899
01711783 2492899
01714025 2492899
01714107 2492899
01715237 2492899
01715929 2492899
01716009 2492899
01716621 2492899
01716735 2492899
01718167 2492899
01719283 2492899
01720225 2492899
01721509 2492899
01721625 2492899
01723137 2492899
01724221 2492899
01725275 2492899
01726153 2492899
01726801 2492899
01726827 2492899
01727277 2492899
01727661 2492899
01727763 2492899
01728211 2492899
01728557 2492899
01730643 2492899
01730837 2492899
01731959 2492899
01733401 2492899
01734165 2492899
01734255 2492899
01734463 2492899
01735545 2492899
01735781 2492899
01736607 2492899
01739792 2492899
01740510 2492899
01740734 2492899
01740788 2492899
01741136 2492899
01741274 2492899
01743152 2492899
01743158 2492899
01743512 2492899
01746298 2492899
01747010 2492899
01747098 2492899
01747102 2492899
01748686 2492899
01749176 2492899
01749384 2492899
01752604 2492899
01752848 2492899
01754584 2492899
01755790 2492899
01756664 2492899
01759742 2492899
01760204 2492899
01760466 2492899
01761398 2492899
01761434 2492899
01761524 2492899
01761652 2492899
01762356 2492899
01763050 2492899
01764508 2492899
01764874 2492899
01766766 2492899
01767416 2492899
01768044 2492899
01768602 2492899
01769166 2492899
01769540 2492899
01769926 2492899
01769968 2492899
01770150 2492899
01770194 2492899
01770408 2492899
01770684 2492899
01773156 2492899
01773196 2492899
01774072 2492899
01774306 2492899
01776564 2492899
01776930 2492899
01778662 2492899
01780938 2492899
01781286 2492899
01781492 2492899
01781754 2492899
01781898 2492899
01784160 2492899
01784852 2492899
01785114 2492899
01785206 2492899
01786232 2492899
01786694 2492899
01786968 2492899
01787120 2492899
01788888 2492899
01789638 2492899
01791284 2492899
01791430 2492899
01791494 2492899
01791636 2492899
01793908 2492899
01794454 2492899
01796418 2492899
01796920 2492899
01797058 2492899
01797806 2492899
01798108 2492899
01799758 2492899
01800350 2492899
01803812 2492899
01804681 2492899
01805009 2492899
01805981 2492899
01806031 2492899
01806291 2492899
01806537 2492899
01808429 2492899
01810501 2492899
01811503 2492899
01812939 2492899
01815661 2492899
01818027 2492899
01818509 2492899
01819199 2492899
01819359 2492899
01820573 2492899
01820899 2492899
01823351 2492899
01823879 2492899
01825579 2492899
01827493 2492899
01827547 2492899
01827869 2492899
01828659 2492899
01829401 2492899
01829707 2492899
01829981 2492899
01830557 2492899
01831263 2492899
01834417 2492899
01837253 2492899
01838013 2492899
01838241 2492899
01838251 2492899
01838297 2492899
01838547 2492899
01839611 2492899
01841143 2492899
01841341 2492899
01842297 2492899
01842629 2492899
01846095 2492899
01846659 2492899
01847459 2492899
01848147 2492899
01848285 2492899
01850169 2492899
01850199 2492899
01850311 2492899
01851485 2492899
01852515 2492899
01853417 2492899
01854171 2492899
01855059 2492899
01856521 2492899
01857523 2492899
01858569 2492899
01858625 2492899
01859175 2492899
01859673 2492899
01859853 2492899
01860125 2492899
01860157 2492899
01861413 2492899
01861703 2492899
01865419 2492899
01865777 2492899
01867289 2492899
01869597 2492899
01871673 2492899
01872179 2492899
01873913 2492899
01876017 2492899
01877565 2492899
01878463 2492899
01878935 2492899
01879637 2492899
01879945 2492899
01880317 2492899
01881299 2492899
01881991 2492899
01883665 2492899
01884385 2492899
01892167 2492899
01894633 2492899
01897897 2492899
01898957 2492899
01901513 2492899
01902095 2492899
01902521 2492899
01902959 2492899
01903005 2492899
01903709 2492899
01903933 2492899
01904201 2492899
01906237 2492899
01906341 2492899
01906773 2492899
01912005 2492899
01912751 2492899
01912855 2492899
01913127 2492899
01913791 2492899
01913971 2492899
01916241 2492899
01918341 2492899
01919101 2492899
01920333 2492899
01921319 2492899
01921849 2492899
01922633 2492899
01922827 2492899
01922917 2492899
01925181 2492899
01926571 2492899
01926689 2492899
01926733 2492899
01928605 2492899
01930231 2492899
01930455 2492899
01930899 2492899
01933063 2492899
01933387 2492899
01934243 2492899
01934509 2492899
01937485 2492899
01938445 2492899
01938993 2492899
01939069 2492899
01939251 2492899
01939289 2492899
01939609 2492899
01939877 2492899
01941267 2492899
01942229 2492899
01945129 2492899
01945655 2492899
01946931 2492899
01947027 2492899
01948321 2492899
01949097 2492899
01949167 2492899
01950839 2492899
01952115 2492899
01952309 2492899
01953443 2492899
01953997 2492899
01954261 2492899
01954501 2492899
01956559 2492899
01957035 2492899
01961679 2492899
01964291 2492899
01965013 2492899
01965531 2492899
01965883 2492899
01966209 2492899
01967765 2492899
01970371 2492899
01970401 2492899
01970773 2492899
01971007 2492899
01971285 2492899
01971365 2492899
01972487 2492899
01973923 2492899
01982761 2492899
01983585 2492899
01986835 2492899
01987789 2492899
01988299 2492899
01991359 2492899
01992317 2492899
01993903 2492899
01994053 2492899
01996369 2492899
01996573 2492899
01999269 2492899
02000397 2492899
02000653 2492899
02000899 2492899
02000935 2492899
02000959 2492899
02002949 2492899
02004569 2492899
02006411 2492899
02007739 2492899
02008243 2492899
02008687 2492899
02010385 2492899
02010999 2492899
02012861 2492899
02013355 2492899
02013639 2492899
02015663 2492899
02015951 2492899
02019859 2492899
02020069 2492899
02020519 2492899
02020627 2492899
02023483 2492899
02024825 2492899
02025743 2492899
02027811 2492899
02029565 2492899
02029859 2492899
02032827 2492899
02036945 2492899
02037507 2492899
02039731 2492899
02045251 2492899
02046205 2492899
02047007 2492899
02047273 2492899
02048061 2492899
02050177 2492899
02052310 2492899
02052540 2492899
02053364 2492899
02056536 2492899
02060060 2492899
02060314 2492899
02061358 2492899
02069422 2492899
02069496 2492899
02079108 2492899
02080802 2492899
02086946 2492899
02101060 2492899
02101180 2492899
02107132 2492899
00135958 3313136
00142521 3313136
00151745 3313136
00158638 3313136
00171955 3313136
00172506 3313136
00183694 3313136
00186168 3313136
00217958 3313136
00287354 3313136
00305937 3313136
00338883 3313136
00353799 3313136
00391491 3313136
00409589 3313136
00416021 3313136
00428437 3313136
00437887 3313136
00447389 3313136
00497510 3313136
00498955 3313136
00521809 3313136
00526195 3313136
00540347 3313136
00545303 3313136
00558379 3313136
00583548 3313136
00604844 3313136
00707375 3313136
00715525 3313136
00720594 3313136
00727343 3313136
00757769 3313136
00766504 3313136
00769266 3313136
00771915 3313136
00784193 3313136
00788339 3313136
00812981 3313136
00816057 3313136
00822830 3313136
00822926 3313136
00823119 3313136
00827488 3313136
00838617 3313136
00840031 3313136
00843962 3313136
00872302 3313136
00880748 3313136
00887427 3313136
00907407 3313136
00918715 3313136
00921534 3313136
00923185 3313136
00923305 3313136
00923549 3313136
00932153 3313136
00940008 3313136
00949662 3313136
00961066 3313136
00964327 3313136
00976639 3313136
00995271 3313136
01000247 3313136
01004767 3313136
01056111 3313136
01074359 3313136
01084157 3313136
01105321 3313136
01106403 3313136
01109049 3313136
01123081 3313136
01128633 3313136
01129355 3313136
01144475 3313136
01152157 3313136
01159687 3313136
01170101 3313136
01172707 3313136
01187857 3313136
01194455 3313136
01211427 3313136
01224725 3313136
01227577 3313136
01230723 3313136
01239645 3313136
01239963 3313136
01242523 3313136
01260089 3313136
01273211 3313136
01273483 3313136
01285609 3313136
01287619 3313136
01289701 3313136
01316541 3313136
01317399 3313136
01332953 3313136
01340797 3313136
01366709 3313136
01385687 3313136
01390183 3313136
01413905 3313136
01417007 3313136
01418059 3313136
01442571 3313136
01461859 3313136
01463723 3313136
01464209 3313136
01464549 3313136
01464771 3313136
01469051 3313136
01473631 3313136
01475281 3313136
01482337 3313136
01486807 3313136
01489915 3313136
01491631 3313136
01501895 3313136
01512539 3313136
01513281 3313136
01518771 3313136
01521547 3313136
01522749 3313136
01522819 3313136
01525509 3313136
01528461 3313136
01542017 3313136
01543969 3313136
01546145 3313136
01553557 3313136
01560589 3313136
01560975 3313136
01563689 3313136
01567311 3313136
01568779 3313136
01569051 3313136
01569797 3313136
01569905 3313136
01570593 3313136
01571773 3313136
01575585 3313136
01576563 3313136
01577417 3313136
01577639 3313136
01578335 3313136
01579101 3313136
01580185 3313136
01585141 3313136
01587481 3313136
01588323 3313136
01589375 3313136
01589985 3313136
01590293 3313136
01590381 3313136
01590493 3313136
01590987 3313136
01591503 3313136
01591989 3313136
01593541 3313136
01593599 3313136
01595051 3313136
01596247 3313136
01598445 3313136
01608001 3313136
01608709 3313136
01609205 3313136
01609519 3313136
01612323 3313136
01612427 3313136
01614029 3313136
01615515 3313136
01621491 3313136
01622497 3313136
01623231 3313136
01627153 3313136
01627229 3313136
01630955 3313136
01632769 3313136
01635073 3313136
01638393 3313136
01651138 3313136
01652442 3313136
01653928 3313136
01653934 3313136
01654028 3313136
01656786 3313136
01662410 3313136
01666318 3313136
01669222 3313136
01671238 3313136
01674958 3313136
01676884 3313136
01678386 3313136
01686286 3313136
01687638 3313136
01690026 3313136
01691610 3313136
01692384 3313136
01692430 3313136
01693254 3313136
01697700 3313136
01698840 3313136
01701766 3313136
01703595 3313136
01706019 3313136
01706455 3313136
01707005 3313136
01711283 3313136
01714025 3313136
01714145 3313136
01714207 3313136
01715929 3313136
01716009 3313136
01718167 3313136
01721625 3313136
01724221 3313136
01725275 3313136
01726153 3313136
01726801 3313136
01726827 3313136
01727661 3313136
01727763 3313136
01727883 3313136
01728211 3313136
01730643 3313136
01730837 3313136
01733401 3313136
01734165 3313136
01735781 3313136
01739792 3313136
01740510 3313136
01740788 3313136
01741274 3313136
01743158 3313136
01747010 3313136
01747098 3313136
01748686 3313136
01752848 3313136
01754484 3313136
01754584 3313136
01756664 3313136
01758482 3313136
01760466 3313136
01763064 3313136
01764508 3313136
01766518 3313136
01766766 3313136
01767416 3313136
01768602 3313136
01769166 3313136
01769926 3313136
01770408 3313136
01770684 3313136
01773196 3313136
01774072 3313136
01781286 3313136
01781754 3313136
01784160 3313136
01786232 3313136
01786286 3313136
01786766 3313136
01786968 3313136
01788888 3313136
01789638 3313136
01791636 3313136
01794454 3313136
01796418 3313136
01797058 3313136
01797806 3313136
01798108 3313136
01804681 3313136
01805981 3313136
01806291 3313136
01808429 3313136
01810501 3313136
01810901 3313136
01818509 3313136
01819199 3313136
01819359 3313136
01820899 3313136
01822247 3313136
01822649 3313136
01827547 3313136
01829401 3313136
01831541 3313136
01834417 3313136
01837253 3313136
01838013 3313136
01838241 3313136
01838297 3313136
01839611 3313136
01842297 3313136
01843517 3313136
01847459 3313136
01848147 3313136
01849047 3313136
01850199 3313136
01850311 3313136
01851485 3313136
01853417 3313136
01855059 3313136
01856521 3313136
01857523 3313136
01858625 3313136
01859175 3313136
01859673 3313136
01859853 3313136
01860125 3313136
01860157 3313136
01861413 3313136
01861703 3313136
01865419 3313136
01869597 3313136
01873913 3313136
01876017 3313136
01877565 3313136
01878463 3313136
01878935 3313136
01879945 3313136
01881299 3313136
01884333 3313136
01884385 3313136
01892167 3313136
01901513 3313136
01902521 3313136
01902959 3313136
01903005 3313136
01903709 3313136
01903933 3313136
01904201 3313136
01906237 3313136
01912751 3313136
01912855 3313136
01913127 3313136
01913791 3313136
01916241 3313136
01919101 3313136
01920333 3313136
01921319 3313136
01921849 3313136
01922827 3313136
01925181 3313136
01926689 3313136
01926733 3313136
01929161 3313136
01930231 3313136
01930455 3313136
01932677 3313136
01934675 3313136
01937485 3313136
01938993 3313136
01939069 3313136
01939251 3313136
01939289 3313136
01947541 3313136
01949097 3313136
01949167 3313136
01952115 3313136
01952365 3313136
01954261 3313136
01954501 3313136
01956559 3313136
01957035 3313136
01958765 3313136
01965013 3313136
01965883 3313136
01967765 3313136
01970371 3313136
01970773 3313136
01971365 3313136
01973923 3313136
01982761 3313136
01983585 3313136
01986835 3313136
01993903 3313136
01993967 3313136
02000653 3313136
02006411 3313136
02007739 3313136
02008243 3313136
02008687 3313136
02009167 3313136
02010385 3313136
02010999 3313136
02013355 3313136
02015663 3313136
02020069 3313136
02020519 3313136
02023483 3313136
02025743 3313136
02027811 3313136
02032827 3313136
02036945 3313136
02037507 3313136
02043997 3313136
02045251 3313136
02046205 3313136
02047007 3313136
02048061 3313136
02051420 3313136
02052310 3313136
02055134 3313136
00046714 2585131
00051317 2585131
00055740 2585131
00055744 2585131
00055749 2585131
00055871 2585131
00055872 2585131
00064255 2585131
00080939 2585131
00081133 2585131
00081872 2585131
00081933 2585131
00092748 2585131
00097601 2585131
00102452 2585131
00110373 2585131
00110428 2585131
00110446 2585131
00119086 2585131
00126143 2585131
00126189 2585131
00135175 2585131
00139974 2585131
00142521 2585131
00149755 2585131
00155208 2585131
00156252 2585131
00157261 2585131
00159361 2585131
00162430 2585131
00169739 2585131
00171955 2585131
00172506 2585131
00183694 2585131
00186168 2585131
00186797 2585131
00197072 2585131
00198946 2585131
00199748 2585131
00200283 2585131
00203717 2585131
00205338 2585131
00207506 2585131
00211097 2585131
00222597 2585131
00224780 2585131
00231027 2585131
00236493 2585131
00237065 2585131
00239522 2585131
00239580 2585131
00244913 2585131
00250999 2585131
00257284 2585131
00258004 2585131
00271880 2585131
00277185 2585131
00279039 2585131
00280398 2585131
00280666 2585131
00288686 2585131
00291596 2585131
00292389 2585131
00298628 2585131
00304771 2585131
00312476 2585131
00313580 2585131
00314787 2585131
00324711 2585131
00324854 2585131
00326580 2585131
00327109 2585131
00336069 2585131
00338033 2585131
00338289 2585131
00342338 2585131
00342821 2585131
00342872 2585131
00343181 2585131
00345422 2585131
00353799 2585131
00358942 2585131
00359063 2585131
00363335 2585131
00364212 2585131
00364451 2585131
00368009 2585131
00368029 2585131
00376489 2585131
00376928 2585131
00378116 2585131
00380704 2585131
00382689 2585131
00388413 2585131
00391491 2585131
00395292 2585131
00395816 2585131
00396961 2585131
00409589 2585131
00412498 2585131
00412506 2585131
00414472 2585131
00415935 2585131
00416021 2585131
00417470 2585131
00422040 2585131
00426400 2585131
00432649 2585131
00437451 2585131
00437641 2585131
00437825 2585131
00438852 2585131
00447389 2585131
00448045 2585131
00448498 2585131
00453088 2585131
00454389 2585131
00457520 2585131
00460772 2585131
00461330 2585131
00463228 2585131
00465282 2585131
00468257 2585131
00471148 2585131
00474738 2585131
00474783 2585131
00475097 2585131
00478991 2585131
00479122 2585131
00480510 2585131
00486921 2585131
00487800 2585131
00492958 2585131
00493022 2585131
00499422 2585131
00501615 2585131
00506306 2585131
00507668 2585131
00510278 2585131
00511947 2585131
00514341 2585131
00519356 2585131
00519858 2585131
00519911 2585131
00521023 2585131
00521433 2585131
00525066 2585131
00526195 2585131
00527827 2585131
00528107 2585131
00528412 2585131
00529083 2585131
00531838 2585131
00540347 2585131
00543737 2585131
00543740 2585131
00543940 2585131
00545303 2585131
00545443 2585131
00546504 2585131
00552054 2585131
00557258 2585131
00561968 2585131
00563452 2585131
00568533 2585131
00572935 2585131
00572943 2585131
00576377 2585131
00582490 2585131
00583548 2585131
00585196 2585131
00589658 2585131
00591232 2585131
00604844 2585131
00614738 2585131
00615760 2585131
00625755 2585131
00628756 2585131
00634624 2585131
00635156 2585131
00641025 2585131
00648597 2585131
00652382 2585131
00664812 2585131
00665471 2585131
00666006 2585131
00667146 2585131
00667242 2585131
00678716 2585131
00682111 2585131
00683194 2585131
00684725 2585131
00686091 2585131
00687501 2585131
00688459 2585131
00689679 2585131
00690689 2585131
00695890 2585131
00703496 2585131
00704001 2585131
00704126 2585131
00706805 2585131
00710694 2585131
00712472 2585131
00712868 2585131
00712900 2585131
00713623 2585131
00714500 2585131
00715555 2585131
00717325 2585131
00717823 2585131
00720594 2585131
00721003 2585131
00723091 2585131
00727013 2585131
00727343 2585131
00736703 2585131
00737423 2585131
00739507 2585131
00744645 2585131
00745006 2585131
00752913 2585131
00754799 2585131
00758723 2585131
00758905 2585131
00761126 2585131
00762721 2585131
00763804 2585131
00764286 2585131
00766504 2585131
00769011 2585131
00769156 2585131
00771915 2585131
00771980 2585131
00777989 2585131
00780100 2585131
00781515 2585131
00781738 2585131
00782644 2585131
00784193 2585131
00792176 2585131
00793283 2585131
00800592 2585131
00801897 2585131
00803791 2585131
00805076 2585131
00807458 2585131
00809618 2585131
00817592 2585131
00820097 2585131
00820177 2585131
00821799 2585131
00822830 2585131
00823119 2585131
00827241 2585131
00828829 2585131
00829560 2585131
00831852 2585131
00838617 2585131
00838665 2585131
00839482 2585131
00852600 2585131
00854820 2585131
00855418 2585131
00857932 2585131
00860560 2585131
00862513 2585131
00865010 2585131
00866890 2585131
00868455 2585131
00870971 2585131
00872377 2585131
00874102 2585131
00877331 2585131
00877829 2585131
00883912 2585131
00884304 2585131
00884820 2585131
00885483 2585131
00887427 2585131
00889152 2585131
00889164 2585131
00890150 2585131
00893551 2585131
00898335 2585131
00901381 2585131
00903990 2585131
00905171 2585131
00907407 2585131
00908731 2585131
00910800 2585131
00913877 2585131
00916184 2585131
00916896 2585131
00917118 2585131
00918240 2585131
00918592 2585131
00918968 2585131
00919208 2585131
00920044 2585131
00921534 2585131
00921601 2585131
00923185 2585131
00923305 2585131
00923824 2585131
00925193 2585131
00931544 2585131
00932426 2585131
00933978 2585131
00934672 2585131
00936400 2585131
00936504 2585131
00937344 2585131
00943507 2585131
00946011 2585131
00947264 2585131
00952370 2585131
00954149 2585131
00959685 2585131
00960278 2585131
00960451 2585131
00960965 2585131
00962351 2585131
00962482 2585131
00969835 2585131
00969891 2585131
00970019 2585131
00970029 2585131
00970129 2585131
00971595 2585131
00976639 2585131
00988189 2585131
00995271 2585131
00996127 2585131
00996547 2585131
00997333 2585131
01004359 2585131
01014733 2585131
01024305 2585131
01024399 2585131
01025655 2585131
01026929 2585131
01027083 2585131
01037599 2585131
01044057 2585131
01053269 2585131
01056111 2585131
01057281 2585131
01067751 2585131
01071699 2585131
01072075 2585131
01076049 2585131
01076653 2585131
01076677 2585131
01080191 2585131
01083915 2585131
01087141 2585131
01087687 2585131
01092129 2585131
01101389 2585131
01103121 2585131
01105321 2585131
01105989 2585131
01106403 2585131
01116919 2585131
01123081 2585131
01126499 2585131
01128633 2585131
01141061 2585131
01141779 2585131
01148187 2585131
01148349 2585131
01152157 2585131
01154045 2585131
01161327 2585131
01162053 2585131
01165641 2585131
01166943 2585131
01172707 2585131
01173819 2585131
01174365 2585131
01176785 2585131
01178429 2585131
01179871 2585131
01183321 2585131
01183755 2585131
01184021 2585131
01187181 2585131
01187857 2585131
01193675 2585131
01194017 2585131
01195357 2585131
01196245 2585131
01196273 2585131
01198383 2585131
01204587 2585131
01210153 2585131
01213761 2585131
01213965 2585131
01219249 2585131
01219595 2585131
01223973 2585131
01224725 2585131
01228605 2585131
01230251 2585131
01230723 2585131
01231321 2585131
01235199 2585131
01239963 2585131
01240043 2585131
01243173 2585131
01247275 2585131
01249143 2585131
01255671 2585131
01255909 2585131
01264261 2585131
01264719 2585131
01264729 2585131
01273211 2585131
01274261 2585131
01279327 2585131
01279653 2585131
01282739 2585131
01284253 2585131
01286473 2585131
01287619 2585131
01288297 2585131
01289129 2585131
01289271 2585131
01289701 2585131
01293461 2585131
01314411 2585131
01315505 2585131
01316541 2585131
01317655 2585131
01317779 2585131
01317855 2585131
01318119 2585131
01325425 2585131
01327671 2585131
01328001 2585131
01329439 2585131
01329697 2585131
01330967 2585131
01332953 2585131
01334111 2585131
01334931 2585131
01335027 2585131
01335175 2585131
01336057 2585131
01337961 2585131
01340797 2585131
01344373 2585131
01345121 2585131
01346023 2585131
01350171 2585131
01351139 2585131
01351885 2585131
01352763 2585131
01362523 2585131
01362743 2585131
01365867 2585131
01366189 2585131
01366709 2585131
01367417 2585131
01368045 2585131
01370097 2585131
01372211 2585131
01374825 2585131
01375317 2585131
01375397 2585131
01378843 2585131
01381945 2585131
01382345 2585131
01382511 2585131
01384771 2585131
01385687 2585131
01388337 2585131
01388387 2585131
01390221 2585131
01393933 2585131
01394171 2585131
01394833 2585131
01395295 2585131
01396901 2585131
01407795 2585131
01413163 2585131
01418059 2585131
01421803 2585131
01422205 2585131
01422725 2585131
01423095 2585131
01427237 2585131
01428099 2585131
01432263 2585131
01432311 2585131
01432413 2585131
01434233 2585131
01441157 2585131
01441813 2585131
01442571 2585131
01445823 2585131
01445825 2585131
01453483 2585131
01455285 2585131
01462713 2585131
01463591 2585131
01463723 2585131
01464209 2585131
01464549 2585131
01464647 2585131
01464771 2585131
01469051 2585131
01469065 2585131
01469315 2585131
01471837 2585131
01475281 2585131
01475681 2585131
01477171 2585131
01478967 2585131
01479385 2585131
01480365 2585131
01482337 2585131
01482803 2585131
01482859 2585131
01483039 2585131
01485335 2585131
01488785 2585131
01489689 2585131
01489933 2585131
01491007 2585131
01492147 2585131
01492279 2585131
01492397 2585131
01494161 2585131
01495165 2585131
01495373 2585131
01498845 2585131
01499519 2585131
01499743 2585131
01500235 2585131
01504395 2585131
01504511 2585131
01506571 2585131
01507361 2585131
01509883 2585131
01510925 2585131
01511985 2585131
01512367 2585131
01513281 2585131
01513945 2585131
01516839 2585131
01516931 2585131
01517031 2585131
01517283 2585131
01517909 2585131
01518055 2585131
01518071 2585131
01518435 2585131
01518991 2585131
01519853 2585131
01519915 2585131
01519943 2585131
01520489 2585131
01521071 2585131
01521369 2585131
01522367 2585131
01522557 2585131
01522749 2585131
01523347 2585131
01524085 2585131
01525435 2585131
01525509 2585131
01526063 2585131
01526087 2585131
01526117 2585131
01527867 2585131
01528943 2585131
01530743 2585131
01531665 2585131
01531857 2585131
01531947 2585131
01532145 2585131
01536247 2585131
01540421 2585131
01541385 2585131
01542317 2585131
01543247 2585131
01546145 2585131
01547817 2585131
01554689 2585131
01555535 2585131
01555843 2585131
01557191 2585131
01560619 2585131
01560855 2585131
01561959 2585131
01562115 2585131
01562965 2585131
01564521 2585131
01565433 2585131
01565709 2585131
01568199 2585131
01569797 2585131
01569905 2585131
01572935 2585131
01573177 2585131
01573563 2585131
01575433 2585131
01575585 2585131
01576083 2585131
01576563 2585131
01577815 2585131
01577993 2585131
01578181 2585131
01578335 2585131
01578677 2585131
01578735 2585131
01581533 2585131
01583303 2585131
01585141 2585131
01585541 2585131
01587191 2585131
01588323 2585131
01589375 2585131
01589763 2585131
01590293 2585131
01590715 2585131
01590743 2585131
01591947 2585131
01591989 2585131
01592081 2585131
01592375 2585131
01593541 2585131
01593883 2585131
01594381 2585131
01594513 2585131
01594707 2585131
01594803 2585131
01594889 2585131
01595539 2585131
01595827 2585131
01596247 2585131
01596415 2585131
01596657 2585131
01596985 2585131
01597469 2585131
01598445 2585131
01599375 2585131
01600455 2585131
01600765 2585131
01600915 2585131
01602523 2585131
01603591 2585131
01605749 2585131
01607377 2585131
01608709 2585131
01609205 2585131
01609277 2585131
01609519 2585131
01612049 2585131
01612323 2585131
01612643 2585131
01613485 2585131
01614029 2585131
01616135 2585131
01617781 2585131
01618061 2585131
01618755 2585131
01618985 2585131
01619011 2585131
01620031 2585131
01620333 2585131
01621491 2585131
01622497 2585131
01623941 2585131
01627093 2585131
01627157 2585131
01627217 2585131
01627229 2585131
01627749 2585131
01628155 2585131
01631087 2585131
01631365 2585131
01631987 2585131
01632871 2585131
01632949 2585131
01633505 2585131
01633599 2585131
01634275 2585131
01634365 2585131
01635073 2585131
01635301 2585131
01636757 2585131
01636883 2585131
01636925 2585131
01637011 2585131
01637237 2585131
01637749 2585131
01638185 2585131
01638538 2585131
01639492 2585131
01639712 2585131
01639738 2585131
01640412 2585131
01641236 2585131
01641814 2585131
01642194 2585131
01642438 2585131
01642514 2585131
01643600 2585131
01643680 2585131
01644156 2585131
01644260 2585131
01646926 2585131
01647660 2585131
01647938 2585131
01647970 2585131
01648012 2585131
01648428 2585131
01648496 2585131
01650176 2585131
01650572 2585131
01651138 2585131
01652442 2585131
01652734 2585131
01652754 2585131
01652932 2585131
01652992 2585131
01653928 2585131
01654152 2585131
01654164 2585131
01654460 2585131
01654792 2585131
01656786 2585131
01657758 2585131
01657816 2585131
01658512 2585131
01658536 2585131
01658574 2585131
01658622 2585131
01658854 2585131
01661214 2585131
01661754 2585131
01662220 2585131
01664012 2585131
01665000 2585131
01666318 2585131
01668782 2585131
01669222 2585131
01669574 2585131
01670872 2585131
01671520 2585131
01672634 2585131
01673490 2585131
01674958 2585131
01675170 2585131
01676884 2585131
01677850 2585131
01677944 2585131
01678386 2585131
01678478 2585131
01679066 2585131
01680764 2585131
01681270 2585131
01682438 2585131
01682536 2585131
01683760 2585131
01684128 2585131
01684230 2585131
01684686 2585131
01685400 2585131
01685960 2585131
01686222 2585131
01686286 2585131
01686406 2585131
01686688 2585131
01686958 2585131
01687166 2585131
01687292 2585131
01687336 2585131
01687638 2585131
01688236 2585131
01688374 2585131
01689668 2585131
01690026 2585131
01691540 2585131
01691610 2585131
01692384 2585131
01692430 2585131
01692706 2585131
01692788 2585131
01696152 2585131
01696358 2585131
01696536 2585131
01697700 2585131
01697894 2585131
01698174 2585131
01698424 2585131
01698724 2585131
01699024 2585131
01699444 2585131
01700924 2585131
01701766 2585131
01702039 2585131
01702041 2585131
01703939 2585131
01704365 2585131
01704835 2585131
01705087 2585131
01706019 2585131
01706071 2585131
01706335 2585131
01706455 2585131
01706947 2585131
01707147 2585131
01707253 2585131
01708319 2585131
01710697 2585131
01710933 2585131
01711483 2585131
01711495 2585131
01711783 2585131
01712687 2585131
01713187 2585131
01714025 2585131
01714145 2585131
01714207 2585131
01715191 2585131
01715237 2585131
01715929 2585131
01716009 2585131
01716211 2585131
01716663 2585131
01716735 2585131
01716779 2585131
01717643 2585131
01717765 2585131
01718063 2585131
01718167 2585131
01718609 2585131
01720275 2585131
01720419 2585131
01720567 2585131
01720845 2585131
01721041 2585131
01721147 2585131
01721481 2585131
01721509 2585131
01724153 2585131
01724787 2585131
01725083 2585131
01725275 2585131
01725531 2585131
01725567 2585131
01725641 2585131
01725817 2585131
01726153 2585131
01726207 2585131
01726801 2585131
01726843 2585131
01727661 2585131
01727763 2585131
01727883 2585131
01728617 2585131
01728921 2585131
01729195 2585131
01729469 2585131
01729471 2585131
01730543 2585131
01730685 2585131
01730837 2585131
01731565 2585131
01731959 2585131
01733401 2585131
01733453 2585131
01733773 2585131
01734165 2585131
01734257 2585131
01734449 2585131
01734547 2585131
01734685 2585131
01735471 2585131
01735781 2585131
01736581 2585131
01737235 2585131
01738867 2585131
01739792 2585131
01740734 2585131
01741274 2585131
01742800 2585131
01743158 2585131
01743512 2585131
01743552 2585131
01743572 2585131
01744226 2585131
01746146 2585131
01746422 2585131
01747010 2585131
01747098 2585131
01747434 2585131
01748186 2585131
01748338 2585131
01749384 2585131
01749424 2585131
01750766 2585131
01750914 2585131
01752784 2585131
01752848 2585131
01753140 2585131
01753612 2585131
01754584 2585131
01755346 2585131
01756142 2585131
01756634 2585131
01756664 2585131
01758218 2585131
01759590 2585131
01759742 2585131
01760466 2585131
01762896 2585131
01763064 2585131
01763198 2585131
01763400 2585131
01764508 2585131
01764778 2585131
01766518 2585131
01766766 2585131
01766830 2585131
01766938 2585131
01767950 2585131
01768328 2585131
01768396 2585131
01768602 2585131
01768642 2585131
01769080 2585131
01769926 2585131
01770266 2585131
01770684 2585131
01771316 2585131
01773934 2585131
01774036 2585131
01774072 2585131
01775230 2585131
01776930 2585131
01777114 2585131
01778308 2585131
01780728 2585131
01780878 2585131
01781286 2585131
01781756 2585131
01781864 2585131
01782970 2585131
01783234 2585131
01783516 2585131
01783844 2585131
01784160 2585131
01784606 2585131
01784852 2585131
01786232 2585131
01786286 2585131
01786766 2585131
01787118 2585131
01787120 2585131
01787528 2585131
01787924 2585131
01788222 2585131
01788692 2585131
01789052 2585131
01789638 2585131
01790114 2585131
01791636 2585131
01792210 2585131
01792824 2585131
01792940 2585131
01793190 2585131
01793592 2585131
01793908 2585131
01795480 2585131
01796016 2585131
01797498 2585131
01797588 2585131
01798108 2585131
01799880 2585131
01802028 2585131
01802540 2585131
01804419 2585131
01804483 2585131
01804795 2585131
01805367 2585131
01806291 2585131
01806529 2585131
01806537 2585131
01806915 2585131
01808429 2585131
01809311 2585131
01810501 2585131
01811223 2585131
01811503 2585131
01812537 2585131
01812593 2585131
01812699 2585131
01812939 2585131
01813543 2585131
01814001 2585131
01815395 2585131
01815661 2585131
01815817 2585131
01815959 2585131
01816287 2585131
01816357 2585131
01816381 2585131
01816465 2585131
01818509 2585131
01818663 2585131
01818937 2585131
01819199 2585131
01819271 2585131
01819359 2585131
01820005 2585131
01820239 2585131
01820573 2585131
01821267 2585131
01821535 2585131
01821947 2585131
01823613 2585131
01823723 2585131
01824109 2585131
01824959 2585131
01826555 2585131
01827361 2585131
01827583 2585131
01827855 2585131
01827969 2585131
01828845 2585131
01829377 2585131
01829401 2585131
01829973 2585131
01831183 2585131
01831681 2585131
01832319 2585131
01833709 2585131
01834417 2585131
01834553 2585131
01835025 2585131
01837029 2585131
01837253 2585131
01838041 2585131
01838241 2585131
01839611 2585131
01841585 2585131
01842297 2585131
01842629 2585131
01842841 2585131
01843107 2585131
01843113 2585131
01844371 2585131
01845081 2585131
01845113 2585131
01845709 2585131
01847459 2585131
01848285 2585131
01850199 2585131
01851557 2585131
01852785 2585131
01853467 2585131
01853601 2585131
01854547 2585131
01855051 2585131
01857523 2585131
01858569 2585131
01859853 2585131
01860125 2585131
01860655 2585131
01861703 2585131
01861847 2585131
01863189 2585131
01863601 2585131
01863961 2585131
01864057 2585131
01865419 2585131
01867505 2585131
01868141 2585131
01868889 2585131
01869597 2585131
01871427 2585131
01871673 2585131
01872179 2585131
01872563 2585131
01873779 2585131
01873913 2585131
01876017 2585131
01877461 2585131
01881991 2585131
01882111 2585131
01882955 2585131
01884351 2585131
01884385 2585131
01886381 2585131
01887109 2585131
01891025 2585131
01895565 2585131
01896249 2585131
01897609 2585131
01899043 2585131
01901513 2585131
01902521 2585131
01903005 2585131
01903933 2585131
01904201 2585131
01905405 2585131
01905537 2585131
01905967 2585131
01906177 2585131
01906237 2585131
01906431 2585131
01906799 2585131
01909219 2585131
01913791 2585131
01917105 2585131
01921319 2585131
01921639 2585131
01921849 2585131
01922917 2585131
01926885 2585131
01931589 2585131
01933063 2585131
01933227 2585131
01933311 2585131
01933387 2585131
01939233 2585131
01939609 2585131
01946031 2585131
01947169 2585131
01949097 2585131
01950839 2585131
01970933 2585131
01971365 2585131
01973621 2585131
01983315 2585131
01988471 2585131
01989143 2585131
01994491 2585131
02001527 2585131
02006411 2585131
02008687 2585131
02013355 2585131
02013989 2585131
02015663 2585131
02015801 2585131
02015877 2585131
02019859 2585131
02020455 2585131
02020519 2585131
02020985 2585131
02021119 2585131
02021817 2585131
02021939 2585131
02022697 2585131
02026269 2585131
02026333 2585131
02026835 2585131
02026913 2585131
02027063 2585131
02027613 2585131
02027625 2585131
02027681 2585131
02027811 2585131
02027901 2585131
02028133 2585131
02028587 2585131
02029883 2585131
02032343 2585131
02032803 2585131
02032827 2585131
02034269 2585131
02035857 2585131
02036197 2585131
02036605 2585131
02037507 2585131
02037555 2585131
02040003 2585131
02040109 2585131
02040211 2585131
02040301 2585131
02040343 2585131
02040427 2585131
02041237 2585131
02041327 2585131
02041607 2585131
02041811 2585131
02043997 2585131
02045757 2585131
02046867 2585131
02046933 2585131
02047013 2585131
02048061 2585131
02048157 2585131
02050997 2585131
02051420 2585131
02052526 2585131
02052554 2585131
02052640 2585131
02052764 2585131
02053178 2585131
02053290 2585131
02053364 2585131
02055134 2585131
02055388 2585131
02058560 2585131
02059884 2585131
02060808 2585131
02061820 2585131
02061888 2585131
02061952 2585131
02062064 2585131
02062688 2585131
02065248 2585131
02065790 2585131
02068038 2585131
02069620 2585131
02069974 2585131
02071962 2585131
02073850 2585131
02074718 2585131
02077910 2585131
02078364 2585131
02078680 2585131
02078842 2585131
02078914 2585131
02079108 2585131
02079508 2585131
02081194 2585131
02081800 2585131
02082512 2585131
02085066 2585131
02085080 2585131
02086370 2585131
02087324 2585131
02087612 2585131
02088962 2585131
02089304 2585131
02089434 2585131
02089700 2585131
02090154 2585131
02090204 2585131
02090226 2585131
02090268 2585131
02091504 2585131
02091548 2585131
02091592 2585131
02091624 2585131
02093338 2585131
02093416 2585131
02094736 2585131
02098498 2585131
02098944 2585131
02100942 2585131
02101338 2585131
02102850 2585131
02105818 2585131
02111072 2585131
02111176 2585131
